3DDFA_V2 3DMM Parameters
====================================

说明：
param_lst 是 3DDFA_V2 对每张检测到的人脸回归出的 3DMM 参数。
默认模型中，每张脸的参数通常是 62 维：
前 12 维：pose / camera 姿态或相机相关参数
中间 40 维：shape 身份形状参数
最后 10 维：expression 表情参数

Number of faces: 1

Face 0
------------------------------------
param shape: (62,)
roi box: [np.float32(22.22554), np.float32(36.843445), np.float32(226.22554), np.float32(240.84344)]

Full 3DMM parameter:
[ 4.693764e-04,  1.668008e-06,  4.614158e-05,  5.842639e+01,  1.670795e-06,
  4.810698e-04, -4.738708e-05,  7.223849e+01, -4.646768e-05,  4.913611e-05,
  4.720824e-04, -6.667144e+01,  4.940525e+04, -1.255718e+05,  2.891856e+04,
 -1.508345e+05,  1.066853e+04, -3.313229e+04, -3.816860e+03,  1.734415e+02,
 -1.025134e+05, -2.812191e+04, -2.260720e+04,  5.192589e+04, -2.108822e+04,
  2.098895e+03,  7.350443e+03, -5.872861e+02,  7.913779e+02, -7.696365e+03,
 -1.630638e+03, -1.725051e+04, -3.378848e+03, -1.667243e+04, -6.256034e+03,
 -1.930461e+04, -1.702921e+03, -9.279627e+03, -1.050318e+04,  2.549127e+03,
 -5.867994e+03,  2.176393e+03, -5.376916e+03,  5.885153e+03, -3.553122e+03,
  9.726601e+03, -8.465612e+03, -7.352140e+03, -4.635567e+02,  6.016825e+03,
  7.400276e+02,  2.103567e+03, -1.265585e+00,  8.727658e-01, -2.151894e-01,
 -4.379562e-02,  5.020109e-02, -1.612512e-01,  1.035922e-02, -1.069707e-01,
 -3.322871e-03, -1.672102e-01]

Pose / Camera parameter, first 12 dims:
[ 4.693764e-04,  1.668008e-06,  4.614158e-05,  5.842639e+01,  1.670795e-06,
  4.810698e-04, -4.738708e-05,  7.223849e+01, -4.646768e-05,  4.913611e-05,
  4.720824e-04, -6.667144e+01]

Shape parameter, 40 dims:
[  49405.25   , -125571.75   ,   28918.557  , -150834.47   ,   10668.534  ,
  -33132.29   ,   -3816.8604 ,     173.44153, -102513.37   ,  -28121.91   ,
  -22607.2    ,   51925.887  ,  -21088.225  ,    2098.8945 ,    7350.4434 ,
    -587.28613,     791.3779 ,   -7696.3647 ,   -1630.6377 ,  -17250.514  ,
   -3378.8484 ,  -16672.426  ,   -6256.034  ,  -19304.607  ,   -1702.9209 ,
   -9279.627  ,  -10503.181  ,    2549.1274 ,   -5867.9937 ,    2176.3928 ,
   -5376.916  ,    5885.153  ,   -3553.122  ,    9726.601  ,   -8465.612  ,
   -7352.1396 ,    -463.55673,    6016.8247 ,     740.0276 ,    2103.5667 ]

Expression parameter, 10 dims:
[-1.265585,  0.872766, -0.215189, -0.043796,  0.050201, -0.161251,
  0.010359, -0.106971, -0.003323, -0.16721 ]

