3DDFA_V2 3DMM Parameters
====================================

说明：
param_lst 是 3DDFA_V2 对每张检测到的人脸回归出的 3DMM 参数。
默认模型中，每张脸的参数通常是 62 维：
前 12 维：pose / camera 姿态或相机相关参数
中间 40 维：shape 身份形状参数
最后 10 维：expression 表情参数

Number of faces: 3

Face 0
------------------------------------
param shape: (62,)
roi box: [np.float32(1546.291), np.float32(246.89923), np.float32(2211.291), np.float32(911.89923)]

Full 3DMM parameter:
[ 2.644831e-04, -6.830996e-05, -4.000612e-04,  8.285012e+01,  9.504804e-06,
  4.807912e-04, -8.169640e-05,  7.678023e+01,  4.016295e-04,  3.270970e-05,
  2.617974e-04, -6.667147e+01, -5.400177e+05, -1.459590e+05, -1.243031e+05,
  2.976908e+04, -4.566550e+04, -8.355333e+04, -9.709646e+03, -9.943047e+03,
 -9.334074e+04, -1.864244e+04, -1.067409e+04,  4.320141e+04, -3.667267e+04,
 -1.247316e+04, -2.164095e+04,  1.754438e+04, -1.020870e+04, -9.923169e+03,
 -1.153552e+04,  1.758418e+03, -3.415511e+03, -1.775326e+04,  1.401229e+03,
 -2.715856e+04,  6.440088e+03, -9.939373e+03, -1.020108e+04,  1.589211e+03,
 -9.032338e+03,  3.544532e+03, -6.313109e+03,  2.677383e+03, -3.914229e+03,
  3.943056e+03, -8.205814e+03, -6.350955e+03,  7.705923e+01,  8.823402e+03,
 -2.259108e+03,  1.960683e+03, -1.586780e+00,  1.748759e+00, -3.070614e-01,
  3.246927e-01,  1.023375e-01, -1.289716e-01,  1.593478e-03, -3.280668e-01,
 -2.906781e-02, -2.526889e-01]

Pose / Camera parameter, first 12 dims:
[ 2.644831e-04, -6.830996e-05, -4.000612e-04,  8.285012e+01,  9.504804e-06,
  4.807912e-04, -8.169640e-05,  7.678023e+01,  4.016295e-04,  3.270970e-05,
  2.617974e-04, -6.667147e+01]

Shape parameter, 40 dims:
[-5.400177e+05, -1.459590e+05, -1.243031e+05,  2.976908e+04, -4.566550e+04,
 -8.355333e+04, -9.709646e+03, -9.943047e+03, -9.334074e+04, -1.864244e+04,
 -1.067409e+04,  4.320141e+04, -3.667267e+04, -1.247316e+04, -2.164095e+04,
  1.754438e+04, -1.020870e+04, -9.923169e+03, -1.153552e+04,  1.758418e+03,
 -3.415511e+03, -1.775326e+04,  1.401229e+03, -2.715856e+04,  6.440088e+03,
 -9.939373e+03, -1.020108e+04,  1.589211e+03, -9.032338e+03,  3.544532e+03,
 -6.313109e+03,  2.677383e+03, -3.914229e+03,  3.943056e+03, -8.205814e+03,
 -6.350955e+03,  7.705923e+01,  8.823402e+03, -2.259108e+03,  1.960683e+03]

Expression parameter, 10 dims:
[-1.586780e+00,  1.748759e+00, -3.070614e-01,  3.246927e-01,  1.023375e-01,
 -1.289716e-01,  1.593478e-03, -3.280668e-01, -2.906781e-02, -2.526889e-01]

Face 1
------------------------------------
param shape: (62,)
roi box: [np.float32(2809.0337), np.float32(269.69397), np.float32(3619.0337), np.float32(1079.694)]

Full 3DMM parameter:
[ 2.820638e-04, -2.204084e-04, -3.190422e-04,  8.039691e+01,  1.250695e-04,
  4.080220e-04, -1.949734e-04,  7.976559e+01,  3.739109e-04,  2.297909e-05,
  3.046297e-04, -6.667150e+01, -4.041786e+05, -2.188887e+05, -7.160927e+04,
  6.892308e+04, -5.176225e+04, -5.090054e+04, -1.536794e+04, -6.900281e+02,
 -7.941348e+04, -2.621587e+04, -4.123609e+03,  4.710702e+04, -3.237547e+04,
 -9.474080e+03, -1.458411e+04,  1.573261e+04, -3.017737e+03, -8.539235e+03,
 -1.232159e+04, -2.339502e+03, -1.204441e+03, -1.672913e+04,  4.744201e+03,
 -2.714053e+04,  7.070247e+03, -1.071005e+04, -1.185361e+04,  2.703037e+03,
 -7.664944e+03,  4.967809e+03, -5.801862e+03,  3.702818e+03, -5.320845e+03,
  6.914462e+03, -7.320824e+03, -7.227893e+03, -6.595641e+02,  9.074108e+03,
 -1.253912e+03,  8.874473e+02, -7.911017e-01,  2.124052e+00, -3.625983e-01,
  2.421984e-01,  8.381779e-02, -1.626517e-01,  7.259607e-03, -2.482931e-01,
 -2.846095e-02, -3.008831e-01]

Pose / Camera parameter, first 12 dims:
[ 2.820638e-04, -2.204084e-04, -3.190422e-04,  8.039691e+01,  1.250695e-04,
  4.080220e-04, -1.949734e-04,  7.976559e+01,  3.739109e-04,  2.297909e-05,
  3.046297e-04, -6.667150e+01]

Shape parameter, 40 dims:
[-404178.6    , -218888.69   ,  -71609.266  ,   68923.08   ,  -51762.25   ,
  -50900.54   ,  -15367.943  ,    -690.0281 ,  -79413.484  ,  -26215.871  ,
   -4123.6094 ,   47107.023  ,  -32375.475  ,   -9474.08   ,  -14584.107  ,
   15732.61   ,   -3017.737  ,   -8539.235  ,  -12321.594  ,   -2339.502  ,
   -1204.4414 ,  -16729.127  ,    4744.201  ,  -27140.525  ,    7070.2466 ,
  -10710.047  ,  -11853.612  ,    2703.037  ,   -7664.9443 ,    4967.8086 ,
   -5801.8623 ,    3702.8184 ,   -5320.8447 ,    6914.462  ,   -7320.824  ,
   -7227.8926 ,    -659.5641 ,    9074.108  ,   -1253.9124 ,     887.44727]

Expression parameter, 10 dims:
[-0.791102,  2.124052, -0.362598,  0.242198,  0.083818, -0.162652,
  0.00726 , -0.248293, -0.028461, -0.300883]

Face 2
------------------------------------
param shape: (62,)
roi box: [np.float32(111.502686), np.float32(359.25403), np.float32(998.5027), np.float32(1246.254)]

Full 3DMM parameter:
[ 4.110330e-04, -1.578667e-05, -2.702834e-04,  7.381529e+01, -3.433400e-05,
  4.829855e-04, -7.940838e-05,  7.473740e+01,  2.613722e-04,  7.536865e-05,
  4.072403e-04, -6.667159e+01, -2.157107e+05, -9.806304e+04, -4.913046e+04,
  4.887316e+04, -4.525874e+04, -2.599327e+04, -2.249627e+04,  1.214289e+04,
 -3.823387e+04, -5.542030e+03,  6.802914e+03,  5.261341e+04, -3.387409e+04,
 -1.102012e+04, -1.516703e+04,  1.760014e+04, -2.737215e+03, -1.848287e+03,
 -1.506009e+04,  2.255666e+03,  1.322923e+03, -1.348010e+04, -8.680713e+01,
 -2.269367e+04,  3.866453e+02, -8.268584e+03, -1.240455e+04,  7.897189e+02,
 -6.673203e+03,  3.360220e+03, -4.458099e+03,  2.004200e+03, -4.523660e+03,
  3.471778e+03, -5.512227e+03, -6.877570e+03, -1.394110e+03,  7.927410e+03,
 -2.342473e+03,  1.856111e+03,  1.453474e-01,  1.028310e+00, -3.295312e-01,
  6.608418e-02,  7.075752e-02, -9.242290e-02,  3.009298e-02, -1.008862e-01,
 -1.394148e-02, -1.839084e-01]

Pose / Camera parameter, first 12 dims:
[ 4.110330e-04, -1.578667e-05, -2.702834e-04,  7.381529e+01, -3.433400e-05,
  4.829855e-04, -7.940838e-05,  7.473740e+01,  2.613722e-04,  7.536865e-05,
  4.072403e-04, -6.667159e+01]

Shape parameter, 40 dims:
[-2.157107e+05, -9.806304e+04, -4.913046e+04,  4.887316e+04, -4.525874e+04,
 -2.599327e+04, -2.249627e+04,  1.214289e+04, -3.823387e+04, -5.542030e+03,
  6.802914e+03,  5.261341e+04, -3.387409e+04, -1.102012e+04, -1.516703e+04,
  1.760014e+04, -2.737215e+03, -1.848287e+03, -1.506009e+04,  2.255666e+03,
  1.322923e+03, -1.348010e+04, -8.680713e+01, -2.269367e+04,  3.866453e+02,
 -8.268584e+03, -1.240455e+04,  7.897189e+02, -6.673203e+03,  3.360220e+03,
 -4.458099e+03,  2.004200e+03, -4.523660e+03,  3.471778e+03, -5.512227e+03,
 -6.877570e+03, -1.394110e+03,  7.927410e+03, -2.342473e+03,  1.856111e+03]

Expression parameter, 10 dims:
[ 0.145347,  1.02831 , -0.329531,  0.066084,  0.070758, -0.092423,
  0.030093, -0.100886, -0.013941, -0.183908]

